9567.944664779974
8677.154570910396
8553.56312779018
8498.635606000213
8456.954451995642
8441.59654017857
8416.343012595664
8407.016780931122
8392.464830463436
8379.187775696217
8375.568568638393
8360.299917623299
8350.228900935374
8347.859242134355
8334.484114251169
8328.599390146685
8320.23598267432
8312.913222124787
8303.039944395727
8296.33346287734
8286.968477625425
8279.382025271047
8271.113545320472
8264.21903732196
8257.80434204932
8252.98598765678
8246.387070843963
8235.787524580144
8235.114523543793
8233.532419217687
8226.237432570684
8219.23040729964
8210.092394770409
8207.111623751063
8203.367572810374
8193.517681095876
8193.020228794643
8187.4415507413905
8184.308555551127
8182.540254969175
8173.691236846301
8171.136303544856
8163.134006629995
8159.178842142325
8154.041834409545
8155.192505713223
8151.415839578019
8144.036302216199
8144.265332695578
8139.391183035715
8139.443613480548
8133.26823913159
8131.195475260417
8127.755327912415
8125.760393415178
8116.484941339817
8119.172844919218
8113.683528977997
8112.24729950574
8104.857524845876
8110.270849941539
8102.015199829932
8101.070863892432
8097.437191087372
8096.610635562819
8094.552628082483
8092.584887861394
8086.243735384779
8083.788451318027
8080.733514694941
8082.049612032313
8081.0239855707905
8078.244236952593
8074.527795493197
8073.535940157313
8070.349684111926
8064.974660860438
8068.242541254783
8065.919639535502
8064.8513798097365
8059.2684118569305
8061.619868064413
8057.173648756378
8055.465126089498
8052.04902908429
8051.157769650829
8050.282055497981
8050.5672001222365
8045.992635921556
8045.2474589445155
8038.116518189307
8037.421375093006
8038.182625491603
8036.122598453444
8035.4594925860965
8031.388603781356
8035.320757599915
8034.265722988414
8023.761072690795
8030.832552747662
